105 -284 -4 932 
271 -312 -52 912 
441 -296 -12 900 
609 -204 -68 680 
776 -256 36 896 
944 -292 -8 928 
1111 -292 4 928 
1278 -340 -12 932 
1446 -292 -56 952 
1611 -304 8 848 
1779 -292 4 928 
1947 -308 -44 888 
2114 -252 96 928 
2281 -228 -96 804 
2449 -384 -208 948 
2616 -236 44 844 
2782 -396 512 920 
2950 -256 44 976 
3118 -260 -4 964 
3285 -304 -40 928 
3476 -308 -32 908 
3643 -252 16 908 
3811 -328 4 988 
3984 -176 112 912 
4151 -376 280 856 
4318 -324 -56 1000 
4485 -268 124 912 
4651 -228 312 1056 
4819 -224 328 812 
4985 -228 256 824 
5153 -368 192 744 
5322 -336 368 936 
5489 -268 392 956 
5656 -284 300 880 
5824 -280 368 908 
5991 -260 360 820 
6157 -288 280 924 
6325 -252 392 880 
6355 -256 368 932 
6522 -228 376 928 
6690 -228 344 976 
6857 -236 280 888 
7024 -244 232 884 
7191 -196 316 988 
7358 -240 376 848 
7525 -264 372 948 
7699 -284 316 840 
7866 -260 296 836 
8033 -296 364 872 
8200 -296 396 932 
8368 -400 296 944 
8536 -336 108 964 
8704 -380 96 1124 
8871 -168 324 612 
9038 -256 248 796 
9205 -408 144 844 
9372 -388 208 956 
9540 -392 28 932 
9707 -428 -188 1100 
9873 -160 380 924 
10042 -208 -16 848 
10209 -492 -368 1064 
10376 -576 -112 1048 
10543 -148 464 492 
10712 -332 484 524 
10877 -400 704 440 
11045 -24 996 344 
11211 136 1148 200 
11380 -152 1580 -200 
11547 240 852 -212 
11714 116 888 -484 
11881 280 1128 -488 
12072 484 660 -760 
12240 524 -208 -692 
12405 524 764 -832 
12573 776 12 -708 
12742 836 156 -824 
12909 736 296 -748 
13074 996 188 -328 
13243 1056 116 -416 
13411 896 156 -180 
13576 1008 -16 -396 
13744 956 152 -152 
13912 984 60 24 
14079 980 92 -64 
14247 856 -32 -92 
14414 1216 148 152 
14581 1152 140 -232 
14748 1056 108 8 
14915 1120 48 -44 
15082 1132 60 -76 
15255 948 32 164 
15423 980 -284 -412 
15591 952 28 36 
15758 996 172 32 
15925 1112 152 -92 
16093 1100 56 -60 
16258 1076 80 48 
16427 1000 -24 276 
16594 1040 196 392 
16761 1036 16 -36 
16929 1120 116 -88 
17096 1040 8 148 
17263 992 84 16 
17428 1000 -124 -100 
17597 984 208 -148 
17765 820 -12 -104 
17932 1296 -16 -248 
18099 1172 124 340 
18266 988 252 160 
18434 992 844 96 
18601 764 380 96 
18767 720 728 -208 
18935 740 512 -444 
19103 712 632 -460 
19270 716 812 -132 
19436 732 748 -120 
19604 712 840 -136 
19770 700 772 -156 
19939 756 828 108 
20106 740 680 -244 
20273 740 828 -220 
20441 748 772 -232 
20608 748 756 -208 
20799 720 920 -24 
20966 784 884 -28 
21133 724 776 -48 
21301 696 788 -16 
21467 756 780 -64 
21634 720 72