102 -632 148 708 
273 -876 96 744 
441 -980 -4 308 
609 -496 -92 -792 
777 -416 -136 -932 
944 -208 -176 -924 
1111 -372 -236 -940 
1278 -260 -276 -912 
1446 -128 -64 -948 
1612 -180 -48 -964 
1780 -204 -132 -932 
1947 -116 -212 -1020 
2113 -72 -248 -1060 
2282 -56 -212 -968 
2449 -48 -168 -984 
2614 -32 -180 -972 
2782 -20 -188 -1000 
2950 16 4 -916 
3139 32 -116 -968 
3307 44 -240 -1052 
3473 56 -24 -948 
3643 24 -128 -1060 
3811 4 -8 -1156 
3984 24 -72 -1028 
4152 -40 260 -1008 
4319 8 -108 -952 
4486 -16 -104 -988 
4653 116 -88 -912 
4821 124 -176 -952 
4986 84 -220 -912 
5153 156 -160 -1024 
5322 164 -92 -1016 
5489 132 -44 -952 
5657 112 -72 -940 
5824 96 -204 -1088 
5989 -72 -188 -908 
6157 20 -108 -900 
6326 -28 -64 -1048 
6356 4 -32 -1028 
6523 -40 -176 -976 
6690 16 -440 -1100 
6858 -4 -144 -1044 
7025 -16 -108 -996 
7191 -4 -88 -988 
7366 -44 -132 -984 
7533 -60 -136 -920 
7703 -208 -188 -1040 
7872 -252 -228 -1192 
8038 -116 -132 -964 
