105 -532 -580 572 
271 -528 -564 568 
441 -528 -572 568 
609 -544 -576 564 
776 -516 -564 552 
943 -532 -576 568 
1135 -528 -580 560 
1302 -528 -580 548 
1469 -520 -588 540 
1636 -524 -580 548 
1803 -532 -580 552 
1970 -528 -588 548 
2138 -532 -584 556 
2305 -524 -588 548 
2473 -532 -592 560 
2640 -516 -588 548 
2805 -524 -588 552 
2973 -536 -564 532 
3141 -516 -600 608 
3309 -344 -640 228 
3476 -568 -800 560 
3643 -504 -648 592 
3810 -468 -488 532 
3983 -708 -444 516 
4151 -480 -520 548 
4317 -576 -604 848 
4485 -504 -488 604 
4653 -512 -504 768 
4818 -480 -460 704 
4985 -452 -384 608 
5155 -508 -484 780 
5322 -424 -464 708 
5489 -504 -440 768 
5656 -260 -1084 732 
5824 -532 -496 848 
5989 -288 -456 940 
6157 -524 -432 632 
6325 -808 -340 580 
6355 -808 -328 412 
6523 -752 -136 376 
6690 -864 -56 368 
6857 -816 -52 348 
7022 -1032 -48 -164 
7190 -796 356 -88 
7358 -592 744 236 
7526 -752 1028 -404 
7699 -712 900 -324 
7866 -524 796 -316 
8034 -540 720 -264 
8201 -536 524 -488 
8369 -48 1216 -756 
8537 -280 320 -1356 
8704 -296 220 -800 
8872 -196 0 -1036 
9039 -340 -400 -1564 
9206 -124 -248 -1080 
9397 -184 -512 -900 
9565 -196 -468 -832 
9732 -188 -532 -800 
9898 -236 -428 -832 
10064 -236 -488 -840 
10233 -348 -532 -900 
10399 -264 -340 -788 
10568 -400 -40 -920 
10735 -452 768 -524 
10902 -352 1188 -216 
11070 -348 984 212 
11237 -348 1068 80 
11409 -444 892 108 
11576 -364 1068 -260 
11744 -312 960 -88 
11912 -352 1004 -140 
12079 -340 924 -156 
12246 