102 -768 -60 592 
271 -764 -64 584 
441 -764 -60 592 
609 -764 -64 584 
776 -768 -68 588 
943 -760 -56 576 
1111 -760 -56 596 
1278 -764 -52 608 
1443 -748 -60 600 
1613 -744 -72 604 
1780 -744 -144 600 
1947 -704 -124 588 
2112 -748 -236 552 
2279 -688 -160 560 
2447 -768 -136 656 
2613 -728 -72 752 
2783 -712 -116 652 
2951 -604 -44 680 
3118 -632 -32 768 
3285 -676 -112 716 
3452 -672 -76 716 
3619 -668 -156 740 
3787 -216 -208 864 
3960 -544 508 860 
4128 -740 -24 828 
4319 -732 -140 852 
4486 -696 396 588 
4653 -704 164 368 
4821 -852 92 544 
4986 -800 40 408 
5153 -804 4 504 
5321 -828 100 468 
5489 -788 428 412 
5657 -724 508 468 
5824 -696 396 352 
5991 -740 504 524 
6157 -680 524 424 
6326 -760 484 476 
6356 -756 440 424 
6522 -720 532 496 
6689 -752 472 412 
6858 -768 448 436 
7025 -764 472 416 
7192 -804 356 472 
7359 -844 396 436 
7527 -752 524 408 
7698 -632 612 328 
7866 -632 648 288 
8032 -520 792 324 
8197 -596 672 332 
8362 -400 868 144 
8529 -304 1200 -4 
8696 -204 876 -244 
8864 372 984 -428 
9030 452 804 -604 
9198 1092 336 -840 
9365 712 700 -572 
9533 748 600 -304 
9700 680 720 -596 
9867 600 640 -488 
10034 508 828 -372 
10201 304 988 -336 
10368 488 200 -388 
10536 712 756 -604 
10703 520 620 -424 
10871 548 688 -524 
11038 548 720 -748 
11203 536 624 -624 
11377 508 632 -692 
11546 544 556 -688 
11713 508 532 -892 
11880 492 576 -740 
12047 508 664 -748 
12215 532 732 -652 
12381 508 232 -1040 
12549 548 652 -756 
12717 468 584 -744 
12906 392 716 -560 
13074 516 740 -552 
13242 484 492 -468 
13410 876 832 -524 
13577 812 820 -192 
13743 420 856 -376 
13911 508 836 -236 
14078 748 812 -152 
14243 812 800 -284 
14413 728 804 -20 
14580 752 716 -112 
14747 740 768 -76 
14914 760 676 -16 
15082 776 960 -40 
15253 720 748 -112 
15421 720 792 -40 
15589 720 800 -72 
15756 756 772 88 
15924 740 764 24 
16091 716 764 -60 
16259 676 804 16 
16426 648 828 -60 
16592 680 808 64 
16760 684 748 -40 
16927 660 844 48 
17095 668 808 60 
17262 1308 824 1116 
17429 532 384 520 
17596 -1672 572 1276 
17762 912 592 -404 
17931 608 220 228 
18097 288 -32 -884 
18266 136 868 -684 
18433 88 904 -644 
18600 152 992 -616 
18765 16 852 -480 
18937 64 1016 -324 
19108 72 1008 -360 
19275 28 936 -320 
19442 -8 1020 -248 
19610 -32 728 -808 
19777 144 836 -664 
19943 404 852 -812 
20111 112 928 -692 
20278 -64 792 -660 
20446 -24 788 -540 
20613 -412 852 -156 
20780 -352 800 -360 
20946 -616 756 -16 
21114 -728 704 -140 
21281 -784 488 -60 
21449 -864 104 -76 
21640 -996 28 -172 
21807 -932 -48 -256 
21975 -908 444 -272 
22142 -908 348 -224 
22309 -964 132 -200 
22476 -868 -128 -412 
22644 -832 -124 -480 
22818 -716 -172 -656 
22985 -736 -12 -656 
23153 -728 -340 -656 
23320 -664 108 -572 
23487 -696 -232 -540 
23654 -668 -148 -712 
23821 -748 -88 -660 
23990 -752 -108 -708 
24156 -716 -80 -600 
24323 -716 180 -564 
24490 -740 240 -660 
24658 -728 408 -552 
24825 -696 584 20 
24991 -604 684 364 
25158 -648 584 416 
25324 -648 640 416 
25493 -576 816 212 
25661 -640 536 432 
25828 -524 756 228 
25996 -408 800 -48 
26163 -400 1044 72 
26328 -420 756 32 
26502 -424 916